  Run_nr	    Time	   Alpha	Delta_Pb	   P_bar	       T	      Fx	      Fy	      Fz	     rpm	     Rho
       /	   H:M:S	 degrees	      Pa	      Pa	 degr._C	       N	       N	       N	   1/min	  kg/m^3
       1	 16:32:08	  -5.000	  124.11	 1015.74	   24.34	   0.316	  -3.587	  -0.062	   850.0	   1.189
       2	 16:32:32	  -4.000	  126.69	 1015.74	   24.39	   0.244	  -2.325	  -0.044	   850.1	   1.189
       3	 16:32:46	  -3.000	  127.02	 1015.76	   24.41	   0.198	  -1.355	  -0.031	   850.0	   1.189
       4	 16:32:58	  -2.000	  126.24	 1015.76	   24.42	   0.197	  -0.392	  -0.019	   849.7	   1.189
       5	 16:33:10	  -1.000	  126.17	 1015.76	   24.44	   0.203	   0.612	  -0.012	   849.9	   1.189
       6	 16:33:45	   0.000	  125.65	 1015.76	   24.46	   0.219	   1.792	  -0.007	   849.9	   1.189
       7	 16:34:11	   1.000	  126.75	 1015.74	   24.48	   0.235	   3.393	   0.005	   849.9	   1.189
       8	 16:34:27	   2.000	  125.62	 1015.76	   24.49	   0.282	   4.649	   0.008	   849.6	   1.189
       9	 16:34:52	   3.000	  125.84	 1015.77	   24.50	   0.335	   5.787	   0.015	   850.1	   1.189
      10	 16:35:07	   4.000	  125.14	 1015.75	   24.52	   0.392	   6.884	   0.011	   849.8	   1.189
      11	 16:35:22	   5.000	  123.77	 1015.74	   24.54	   0.456	   8.030	   0.003	   849.8	   1.189
      12	 16:35:35	   6.000	  124.54	 1015.74	   24.55	   0.539	   9.302	  -0.002	   849.9	   1.189
      13	 16:35:51	   7.000	  124.63	 1015.75	   24.55	   0.634	  10.504	  -0.014	   849.9	   1.189
      14	 16:36:04	   8.000	  124.03	 1015.73	   24.56	   0.735	  11.526	  -0.022	   850.1	   1.189
      15	 16:36:18	   9.000	  125.80	 1015.74	   24.57	   0.868	  12.828	  -0.039	   849.9	   1.189
      16	 16:36:32	  10.000	  123.70	 1015.73	   24.57	   0.994	  13.701	  -0.059	   849.5	   1.189
      17	 16:36:47	  11.000	  125.03	 1015.74	   24.57	   1.139	  14.468	  -0.086	   850.0	   1.189
      18	 16:37:06	  11.250	  125.48	 1015.73	   24.59	   1.194	  14.757	  -0.091	   849.9	   1.188
      19	 16:37:23	  11.500	  124.12	 1015.75	   24.60	   1.227	  14.807	  -0.096	   849.5	   1.188
      20	 16:37:35	  11.750	  124.01	 1015.74	   24.60	   1.262	  14.938	  -0.100	   850.2	   1.188
      21	 16:37:53	  12.000	  124.47	 1015.74	   24.62	   1.299	  15.024	  -0.108	   850.1	   1.188
      22	 16:38:08	  12.250	  125.81	 1015.73	   24.64	   1.339	  15.225	  -0.115	   850.2	   1.188
      23	 16:38:18	  12.500	  125.88	 1015.72	   24.63	   1.375	  15.290	  -0.121	   849.4	   1.188
      24	 16:39:05	  12.750	  123.44	 1015.73	   24.65	   1.422	  15.412	  -0.129	   850.2	   1.188
      25	 16:39:18	  13.000	  123.31	 1015.73	   24.65	   1.444	  15.317	  -0.136	   850.0	   1.188
      26	 16:39:29	  13.250	  123.87	 1015.72	   24.66	   1.500	  15.515	  -0.142	   849.8	   1.188
      27	 16:39:43	  13.500	  125.57	 1015.71	   24.67	   1.563	  15.729	  -0.150	   849.7	   1.188
      28	 16:39:58	  13.750	  124.43	 1015.73	   24.67	   1.576	  15.464	  -0.150	   850.0	   1.188
      29	 16:40:08	  14.000	  123.60	 1015.71	   24.68	   1.634	  15.391	  -0.157	   849.8	   1.188
      30	 16:40:19	  14.250	  124.14	 1015.71	   24.69	   1.695	  15.274	  -0.160	   850.1	   1.188
      31	 16:40:35	  14.500	  123.12	 1015.72	   24.69	   1.785	  15.356	  -0.160	   850.2	   1.188
      32	 16:40:44	  14.750	  127.48	 1015.70	   24.69	   1.890	  15.567	  -0.167	   849.6	   1.188
      33	 16:40:54	  15.000	  124.46	 1015.70	   24.70	   1.978	  15.383	  -0.166	   849.9	   1.188
      34	 16:41:03	  15.240	  125.63	 1015.70	   24.71	   2.177	  15.338	  -0.163	   850.3	   1.188
      35	 16:41:17	  15.500	  123.32	 1015.72	   24.71	   3.439	  14.570	  -0.085	   850.1	   1.188
      36	 16:41:25	  15.750	  123.07	 1015.71	   24.72	   3.555	  14.320	  -0.071	   850.0	   1.188
      37	 16:41:33	  15.990	  124.41	 1015.70	   24.71	   3.670	  14.000	  -0.074	   849.9	   1.188
      38	 16:41:42	  16.220	  126.15	 1015.69	   24.72	   3.852	  14.036	  -0.083	   849.9	   1.188
      39	 16:41:50	  16.490	  122.18	 1015.70	   24.72	   3.824	  13.322	  -0.089	   850.1	   1.188
      40	 16:41:59	  16.749	  124.06	 1015.70	   24.73	   3.900	  13.085	  -0.095	   850.0	   1.188
      41	 16:42:10	  17.000	  122.25	 1015.70	   24.73	   3.943	  12.601	  -0.092	   850.1	   1.188
      42	 16:42:36	  16.750	  120.96	 1015.70	   24.75	   3.869	  12.813	  -0.093	   850.1	   1.188
      43	 16:43:02	  16.750	  122.72	 1015.70	   24.75	   3.924	  12.914	  -0.084	   849.7	   1.188
      44	 16:43:09	  16.500	  122.11	 1015.69	   24.75	   3.857	  13.339	  -0.080	   850.0	   1.188
      45	 16:43:17	  16.260	  123.37	 1015.69	   24.75	   3.780	  13.629	  -0.093	   850.1	   1.188
      46	 16:43:24	  16.010	  124.66	 1015.69	   24.75	   3.752	  14.229	  -0.075	   849.9	   1.188
      47	 16:43:33	  15.750	  122.95	 1015.70	   24.75	   3.560	  14.333	  -0.077	   849.9	   1.188
      48	 16:43:41	  15.502	  122.30	 1015.68	   24.75	   3.428	  14.526	  -0.082	   850.3	   1.188
      49	 16:43:48	  15.260	  124.07	 1015.69	   24.76	   3.270	  15.080	  -0.087	   850.0	   1.188
      50	 16:43:59	  15.010	  123.36	 1015.68	   24.77	   3.041	  15.037	  -0.093	   850.2	   1.188
      51	 16:44:09	  14.760	  124.06	 1015.68	   24.76	   1.863	  15.161	  -0.161	   850.0	   1.188
      52	 16:44:17	  14.500	  122.19	 1015.68	   24.77	   1.775	  15.292	  -0.162	   850.2	   1.188
      53	 16:44:25	  14.250	  124.24	 1015.68	   24.75	   1.716	  15.459	  -0.161	   849.5	   1.188
      54	 16:44:32	  14.020	  124.98	 1015.68	   24.77	   1.656	  15.508	  -0.155	   850.0	   1.188
      55	 16:44:39	  13.750	  124.45	 1015.68	   24.77	   1.603	  15.587	  -0.150	   849.7	   1.188
      56	 16:45:02	  13.500	  124.76	 1015.68	   24.77	   1.551	  15.608	  -0.143	   849.8	   1.188
      57	 16:45:08	  13.310	  123.68	 1015.68	   24.77	   1.509	  15.528	  -0.143	   849.6	   1.188
      58	 16:45:15	  13.020	  125.87	 1015.69	   24.78	   1.466	  15.518	  -0.131	   849.6	   1.188
      59	 16:45:23	  12.760	  124.34	 1015.69	   24.77	   1.414	  15.366	  -0.123	   849.8	   1.188
      60	 16:45:30	  12.520	  124.55	 1015.68	   24.78	   1.378	  15.273	  -0.119	   850.5	   1.188
      61	 16:45:38	  12.270	  126.37	 1015.67	   24.78	   1.361	  15.444	  -0.116	   850.0	   1.188
      62	 16:45:49	  12.010	  122.62	 1015.69	   24.78	   1.286	  14.893	  -0.103	   850.0	   1.188
      63	 16:45:57	  11.750	  123.82	 1015.69	   24.78	   1.256	  14.868	  -0.102	   850.2	   1.188
      64	 16:46:05	  11.510	  123.53	 1015.69	   24.79	   1.220	  14.700	  -0.092	   849.6	   1.188
      65	 16:46:13	  11.252	  124.39	 1015.70	   24.79	   1.206	  14.779	  -0.086	   849.8	   1.188
      66	 16:46:20	  11.000	  125.41	 1015.71	   24.80	   1.152	  14.506	  -0.079	   850.4	   1.188
      67	 16:46:28	  10.760	  122.19	 1015.72	   24.79	   1.103	  14.189	  -0.071	   850.0	   1.188
      68	 16:46:35	  10.501	  123.81	 1015.73	   24.79	   1.072	  14.136	  -0.069	   850.1	   1.188
      69	 16:46:43	  10.250	  126.13	 1015.71	   24.81	   1.052	  14.204	  -0.060	   850.1	   1.188
      70	 16:46:54	  10.012	  127.01	 1015.70	   24.79	   1.014	  13.904	  -0.058	   850.0	   1.188
